1 0.003333333333333335 0.01046467494442336
2 0.0033333333333333322 0.009602993140719185
3 0.003333333333333336 0.00969479353680431
4 0.0033333333333333357 0.010699142096440193
5 0.0033333333333333335 0.010933465194220098
6 0.0033333333333333288 0.010457685107481764
7 0.003333333333333334 0.009487806685938774
8 0.003333333333333346 0.009462151394422311
9 0.003333333333333339 0.009113971624541953
10 0.0033333333333333253 0.008513108251910612
11 0.0033333333333333305 0.005451241671714113
12 0.0033333333333333257 0.004689831592411
13 0.0033333333333333466 0.003863636363636364
14 0.003333333333333339 0.0034482758620689655
15 0.003333333333333343 0.0033585222502099076
16 0.003333333333333343 0.0033585222502099076
17 0.0033333333333333205 0.0033333333333333335
18 0.0033333333333333205 0.0033333333333333335
19 0.003333333333333322 0.00333889816360601
20 0.003333333333333322 0.00333889816360601
21 0.003333333333333322 0.00333889816360601
22 0.0033333333333333435 0.0033482142857142855
23 0.0033333333333333205 0.0033333333333333335
24 0.0033333333333333205 0.0033333333333333335
25 0.0033333333333333205 0.0033333333333333335
26 0.0033333333333333205 0.0033333333333333335
27 0.0033333333333333435 0.0033482142857142855
28 0.003333333333333343 0.0033585222502099076
29 0.003333333333333322 0.00333889816360601
30 0.0033333333333333435 0.0033482142857142855
31 0.003333333333333322 0.00333889816360601
32 0.0033333333333333435 0.0033482142857142855
33 0.0033333333333333205 0.0033333333333333335
34 0.0033333333333333205 0.0033333333333333335
35 0.0033333333333333205 0.0033333333333333335
36 0.003333333333333322 0.00333889816360601
37 0.0033333333333333205 0.0033333333333333335
38 0.0033333333333333205 0.0033333333333333335
39 0.0033333333333333205 0.0033333333333333335
40 0.0033333333333333205 0.0033333333333333335
41 0.003333333333333322 0.00333889816360601
42 0.0033333333333333205 0.0033333333333333335
43 0.0033333333333333205 0.0033333333333333335
44 0.0033333333333333205 0.0033333333333333335
45 0.0033333333333333205 0.0033333333333333335
46 0.0033333333333333205 0.0033333333333333335
47 0.0033333333333333205 0.0033333333333333335
48 0.0033333333333333205 0.0033333333333333335
49 0.0033333333333333205 0.0033333333333333335
50 0.0033333333333333205 0.0033333333333333335
1 0.003333333333333332 0.011691072272083136
2 0.003333333333333334 0.011428236535193108
3 0.003333333333333331 0.011140080587817017
4 0.003333333333333334 0.011004048121329608
5 0.003333333333333336 0.010779584301113691
6 0.0033333333333333296 0.010313121272365805
7 0.003333333333333346 0.009005278956629748
8 0.003333333333333327 0.007292343039808202
9 0.003333333333333336 0.004581026913533117
10 0.0033333333333333414 0.003826530612244898
11 0.003333333333333343 0.003604415408875873
12 0.003333333333333325 0.0034291743603270903
13 0.0033333333333333106 0.0033826638477801266
14 0.003333333333333322 0.00333889816360601
15 0.0033333333333333205 0.0033333333333333335
16 0.0033333333333333205 0.0033333333333333335
17 0.003333333333333343 0.0033585222502099076
18 0.0033333333333333435 0.0033482142857142855
19 0.003333333333333322 0.00333889816360601
20 0.0033333333333333205 0.0033333333333333335
21 0.003333333333333322 0.00333889816360601
22 0.0033333333333333205 0.0033333333333333335
23 0.003333333333333322 0.00333889816360601
24 0.0033333333333333205 0.0033333333333333335
25 0.0033333333333333205 0.0033333333333333335
26 0.0033333333333333205 0.0033333333333333335
27 0.003333333333333322 0.00333889816360601
28 0.0033333333333333435 0.0033482142857142855
29 0.003333333333333322 0.00333889816360601
30 0.0033333333333333435 0.0033482142857142855
31 0.003333333333333322 0.00333889816360601
32 0.003333333333333322 0.00333889816360601
33 0.0033333333333333435 0.0033482142857142855
34 0.0033333333333333205 0.0033333333333333335
35 0.0033333333333333205 0.0033333333333333335
36 0.0033333333333333205 0.0033333333333333335
37 0.0033333333333333205 0.0033333333333333335
38 0.0033333333333333205 0.0033333333333333335
39 0.0033333333333333205 0.0033333333333333335
40 0.0033333333333333205 0.0033333333333333335
41 0.0033333333333333205 0.0033333333333333335
42 0.0033333333333333205 0.0033333333333333335
43 0.0033333333333333205 0.0033333333333333335
44 0.0033333333333333205 0.0033333333333333335
45 0.0033333333333333205 0.0033333333333333335
46 0.0033333333333333205 0.0033333333333333335
47 0.0033333333333333205 0.0033333333333333335
48 0.0033333333333333205 0.0033333333333333335
49 0.0033333333333333205 0.0033333333333333335
50 0.0033333333333333205 0.0033333333333333335
1 0.0033333333333333296 0.008783395200501908
2 0.003333333333333333 0.014175413198214502
3 0.0033333333333333357 0.013869928466116966
4 0.0033333333333333383 0.011621150493898896
5 0.003333333333333336 0.009981411137153479
6 0.003333333333333333 0.0090934583183111
7 0.003333333333333331 0.007100496227861379
8 0.0033333333333333444 0.00436004819000631
9 0.0033333333333333466 0.0038551283351932635
10 0.0033333333333333444 0.00361247947454844
11 0.003333333333333343 0.0034453057708871662
12 0.0033333333333333205 0.0033333333333333335
13 0.0033333333333333205 0.0033333333333333335
14 0.003333333333333358 0.00336417157275021
15 0.003333333333333318 0.0033500837520938024
16 0.0033333333333333205 0.0033333333333333335
17 0.0033333333333333205 0.0033333333333333335
18 0.003333333333333322 0.00333889816360601
19 0.0033333333333333205 0.0033333333333333335
20 0.0033333333333333205 0.0033333333333333335
21 0.0033333333333333205 0.0033333333333333335
22 0.0033333333333333205 0.0033333333333333335
23 0.0033333333333333205 0.0033333333333333335
24 0.0033333333333333205 0.0033333333333333335
25 0.0033333333333333205 0.0033333333333333335
26 0.0033333333333333205 0.0033333333333333335
27 0.0033333333333333205 0.0033333333333333335
28 0.0033333333333333205 0.0033333333333333335
29 0.0033333333333333205 0.0033333333333333335
30 0.0033333333333333205 0.0033333333333333335
31 0.0033333333333333205 0.0033333333333333335
32 0.0033333333333333205 0.0033333333333333335
33 0.0033333333333333205 0.0033333333333333335
34 0.0033333333333333205 0.0033333333333333335
35 0.0033333333333333205 0.0033333333333333335
36 0.0033333333333333205 0.0033333333333333335
37 0.0033333333333333205 0.0033333333333333335
38 0.0033333333333333205 0.0033333333333333335
39 0.0033333333333333205 0.0033333333333333335
40 0.0033333333333333205 0.0033333333333333335
41 0.0033333333333333205 0.0033333333333333335
42 0.0033333333333333205 0.0033333333333333335
43 0.0033333333333333205 0.0033333333333333335
44 0.0033333333333333205 0.0033333333333333335
45 0.0033333333333333205 0.0033333333333333335
46 0.0033333333333333205 0.0033333333333333335
47 0.0033333333333333205 0.0033333333333333335
48 0.0033333333333333205 0.0033333333333333335
49 0.0033333333333333205 0.0033333333333333335
50 0.0033333333333333205 0.0033333333333333335
1 0.0033333333333333305 0.01026771653543307
2 0.003333333333333334 0.010610950062899962
3 0.0033333333333333357 0.010420650095602295
4 0.00333333333333334 0.009456605222734255
5 0.003333333333333332 0.008022698366108992
6 0.0033333333333333335 0.00810234541577825
7 0.0033333333333333383 0.008565036752956216
8 0.00333333333333334 0.005383480825958702
9 0.003333333333333335 0.004547014413177762
10 0.0033333333333333266 0.004477448946161406
11 0.00333333333333333 0.0051476154428463285
12 0.003333333333333321 0.00515695067264574
13 0.003333333333333337 0.005655468838366701
14 0.0033333333333333383 0.005261027923917442
15 0.003333333333333335 0.005365659777424483
16 0.003333333333333335 0.005277044854881266
17 0.003333333333333335 0.004455583402951824
18 0.003333333333333338 0.004402141582391434
19 0.0033333333333333136 0.003834874802616738
20 0.003333333333333319 0.0035807291666666665
21 0.003333333333333331 0.003646677471636953
22 0.003333333333333357 0.003372681281618887
23 0.003333333333333327 0.0033883947479881405
24 0.0033333333333333093 0.0035557986870897156
25 0.003333333333333358 0.003360215053763441
26 0.0033333333333333153 0.003417634996582365
27 0.003333333333333322 0.00333889816360601
28 0.003333333333333358 0.003360215053763441
29 0.003333333333333341 0.0033967391304347825
30 0.0033333333333333435 0.0033482142857142855
31 0.0033333333333333435 0.0033482142857142855
32 0.003333333333333343 0.0033585222502099076
33 0.0033333333333333205 0.0033333333333333335
34 0.0033333333333333205 0.0033333333333333335
35 0.0033333333333333205 0.0033333333333333335
36 0.0033333333333333205 0.0033333333333333335
37 0.003333333333333322 0.00333889816360601
38 0.0033333333333333205 0.0033333333333333335
39 0.0033333333333333205 0.0033333333333333335
40 0.0033333333333333205 0.0033333333333333335
41 0.003333333333333322 0.00333889816360601
42 0.0033333333333333205 0.0033333333333333335
43 0.0033333333333333205 0.0033333333333333335
44 0.0033333333333333205 0.0033333333333333335
45 0.0033333333333333205 0.0033333333333333335
46 0.0033333333333333205 0.0033333333333333335
47 0.0033333333333333205 0.0033333333333333335
48 0.003333333333333322 0.00333889816360601
49 0.003333333333333322 0.00333889816360601
50 0.0033333333333333205 0.0033333333333333335
1 0.003333333333333332 0.009847863139953285
2 0.003333333333333331 0.010687967598582438
3 0.003333333333333334 0.009989162700843424
4 0.003333333333333331 0.009858138975715316
5 0.0033333333333333335 0.007956729694694024
6 0.003333333333333337 0.006037245158593787
7 0.0033333333333333214 0.004547592912027599
8 0.0033333333333333414 0.0039890825110224645
9 0.0033333333333333322 0.003834355828220859
10 0.003333333333333325 0.003894080996884735
11 0.0033333333333333223 0.00367047308319739
12 0.003333333333333323 0.0037393162393162395
13 0.00333333333333331 0.003481894150417827
14 0.0033333333333333505 0.0035398230088495575
15 0.003333333333333309 0.0033821871476888386
16 0.0033333333333333357 0.0034071550255536627
17 0.003333333333333358 0.00336417157275021
18 0.0033333333333333158 0.0033692722371967657
19 0.0033333333333333435 0.0033482142857142855
20 0.003333333333333343 0.0033585222502099076
21 0.0033333333333333158 0.0033692722371967657
22 0.003333333333333322 0.00333889816360601
23 0.003333333333333322 0.00333889816360601
24 0.003333333333333322 0.00333889816360601
25 0.003333333333333322 0.00333889816360601
26 0.003333333333333322 0.00333889816360601
27 0.003333333333333343 0.0033585222502099076
28 0.003333333333333316 0.0034028073160357296
29 0.003333333333333343 0.0033585222502099076
30 0.0033333333333333435 0.0033482142857142855
31 0.003333333333333322 0.00333889816360601
32 0.0033333333333333435 0.0033482142857142855
33 0.003333333333333322 0.00333889816360601
34 0.003333333333333322 0.00333889816360601
35 0.003333333333333322 0.00333889816360601
36 0.003333333333333322 0.00333889816360601
37 0.0033333333333333435 0.0033482142857142855
38 0.003333333333333343 0.0033585222502099076
39 0.0033333333333333205 0.0033333333333333335
40 0.0033333333333333205 0.0033333333333333335
41 0.003333333333333322 0.00333889816360601
42 0.0033333333333333205 0.0033333333333333335
43 0.0033333333333333205 0.0033333333333333335
44 0.0033333333333333205 0.0033333333333333335
45 0.0033333333333333205 0.0033333333333333335
46 0.0033333333333333205 0.0033333333333333335
47 0.003333333333333322 0.00333889816360601
48 0.003333333333333322 0.00333889816360601
49 0.003333333333333322 0.00333889816360601
50 0.0033333333333333435 0.0033482142857142855
1 0.003333333333333331 0.009587328053355566
2 0.003333333333333331 0.01221425369789332
3 0.0033333333333333327 0.010297081763210937
4 0.003333333333333337 0.010762899651788541
5 0.003333333333333331 0.010082408728879886
6 0.0033333333333333227 0.008320876930742401
7 0.0033333333333333184 0.005332701309474433
8 0.003333333333333335 0.003880597014925373
9 0.0033333333333333296 0.003575685339690107
10 0.0033333333333333453 0.0033715441672285905
11 0.003333333333333322 0.00333889816360601
12 0.0033333333333333205 0.0033333333333333335
13 0.0033333333333333435 0.0033482142857142855
14 0.0033333333333333435 0.0033482142857142855
15 0.003333333333333322 0.00333889816360601
16 0.003333333333333322 0.00333889816360601
17 0.0033333333333333205 0.0033333333333333335
18 0.0033333333333333205 0.0033333333333333335
19 0.0033333333333333205 0.0033333333333333335
20 0.0033333333333333205 0.0033333333333333335
21 0.003333333333333322 0.00333889816360601
22 0.003333333333333322 0.00333889816360601
23 0.003333333333333322 0.00333889816360601
24 0.0033333333333333435 0.0033482142857142855
25 0.0033333333333333435 0.0033482142857142855
26 0.003333333333333322 0.00333889816360601
27 0.0033333333333333435 0.0033482142857142855
28 0.0033333333333333205 0.0033333333333333335
29 0.0033333333333333205 0.0033333333333333335
30 0.003333333333333322 0.00333889816360601
31 0.0033333333333333205 0.0033333333333333335
32 0.0033333333333333205 0.0033333333333333335
33 0.0033333333333333205 0.0033333333333333335
34 0.0033333333333333205 0.0033333333333333335
35 0.0033333333333333205 0.0033333333333333335
36 0.0033333333333333205 0.0033333333333333335
37 0.0033333333333333205 0.0033333333333333335
38 0.0033333333333333205 0.0033333333333333335
39 0.0033333333333333205 0.0033333333333333335
40 0.0033333333333333205 0.0033333333333333335
41 0.0033333333333333205 0.0033333333333333335
42 0.0033333333333333205 0.0033333333333333335
43 0.0033333333333333205 0.0033333333333333335
44 0.0033333333333333205 0.0033333333333333335
45 0.0033333333333333205 0.0033333333333333335
46 0.0033333333333333205 0.0033333333333333335
47 0.0033333333333333205 0.0033333333333333335
48 0.0033333333333333205 0.0033333333333333335
49 0.0033333333333333205 0.0033333333333333335
50 0.0033333333333333205 0.0033333333333333335
